192 186
188 182
189 169
185 173
181 177
170 176
174 180
171 167
175 163
179 159
168 162
164 158
165 145
161 149
157 153
146 152
150 156
147 143
151 139
155 135
144 138
140 134
141 121
137 125
133 129
122 128
126 132
123 119
127 115
131 111
120 114
116 110
117 97
113 101
109 105
98 104
102 108
99 95
103 91
107 87
96 90
92 86
93 73
89 77
85 81
74 80
78 84
75 71
79 67
83 63
72 66
68 62
69 49
65 53
61 57
50 56
54 60
51 47
55 43
59 39
48 42
44 38
45 25
41 29
37 33
26 32
30 36
27 23
31 19
35 15
24 18
20 14
21 1
17 5
13 9
2 8
6 12
