34 40
38 44
42 48
46 52
50 56
54 60
58 64
62 68
66 72
35 31
39 107
43 103
47 99
51 95
55 91
59 87
63 83
67 79
71 75
32 106
108 102
104 98
100 94
96 90
92 86
88 82
84 78
80 74
29 25
105 109
101 161
97 165
91 169
89 173
85 177
81 181
77 185
73 189
26 112
110 164
162 168
166 172
170 176
174 180
178 184
182 188
186 192
27 23
111 115
163 159
24 114
116 158
21 17
113 117
157 153
18 120
118 156
19 15
119 123
155 151
16 122
124 150
13 9
121 125
149 145
10 128
126 148
11 7
127 131
147 143
8 130
132 142
5 1
129 133
141 137
2 136
134 140
