106 112
110 4
2 8
107 103
111 115
3 161
7 11
104 114
116 190
192 10
101 97
113 117
189 185
9 13
90 96
94 100
98 120
118 188
186 16
14 20
18 24
91 87
95 131
99 127
119 123
187 183
15 179
19 175
23 27
88 130
132 126
128 122
124 182
184 178
180 174
176 26
85 81
129 133
125 137
121 141
181 161
177 165
173 169
25 29
82 136
134 140
138 144
142 164
162 168
166 172
170 32
83 79
135 75
139 71
143 147
163 159
167 43
171 39
31 35
80 74
76 70
72 146
148 158
160 42
44 38
40 34
69 65
145 149
157 153
41 45
66 152
150 156
154 48
67 63
151 59
155 55
47 51
64 58
60 54
56 50
